Id,Front,Left,Rear,Right
2c9180975a056a64015a1e10d3f270fe,0.9137719737254598,0.0028320547546761077,0.07007308991593648,0.013322881603927694
2c9180975a056a64015a1de4deb16bdc,0.9860294928612802,0.001142083131706434,0.002075487261982355,0.010752936745031222
2c9180975a056a64015a1e0e70ea70ce,0.934900309040095,0.003403331689955769,0.04780610352374957,0.013890255746199705
2c9180975a056a64015a1dfed0c46ec6,0.9248925403684117,0.0031939076307345815,0.057883387707978684,0.01403016429287498
2c9180975a056a64015a1dfed0c46ec7,0.9865843600074945,0.0012744450941125254,0.001876014766007122,0.01026518013238582
2c9180975a056a64015a1e44ba4377f8,0.23324225752850042,0.003492938955224319,0.7439344542078353,0.019330349308439878
2c9180975a056a64015a1e010c8f6ee1,0.9860460471122328,0.001214685043818697,0.002054126817475406,0.010685141026473397
2c9180975a056a64015a1e1db63072aa,0.9109954769019198,0.002813395508512274,0.07288208454721067,0.013309043042357235
2c9180975a056a64015a1e1db63072a8,0.11813233098882392,0.0031040680274197797,0.8708349941609496,0.007928606822806503
2c9180975a056a64015a1e2354f5733c,0.056328611024138546,0.0032098019025411377,0.934223831768712,0.006237755304608462
2c9180975a056a64015a1e07928f6ff8,0.9857693145479915,0.0011302431114444894,0.002153536357109751,0.010946905983454117
2c9180975a056a64015a1e20a607730a,0.9862688701980146,0.0012461468793713364,0.0019799998229986515,0.010504983099615721
2c9180975a056a64015a1e3322e37587,0.07131579238708911,0.005709100790320601,0.9193055709924671,0.003669535830123516
2c9180975a056a64015a1e050c296fcd,0.9206399571783718,0.003354677018416145,0.06149858073840262,0.014506785064809173
2c9180975a056a64015a1e050c296fcf,0.9221191571987453,0.0029744262614798127,0.06134409282820094,0.013562323711573893
2c9180975a056a64015a1e04ad9f6f84,0.06694839600588111,0.0033903278714898367,0.9238881118249822,0.005773164297646648
2c9180975a056a64015a1de7a19c6c2b,0.9076891996958887,0.0029188807784137744,0.07572943339410906,0.013662486131588528
2c9180975a056a64015a1e1180a37123,0.08154982122192392,0.0030386900176071763,0.9083123828121175,0.007099105948351341
2c9180975a056a64015a1e1d735c729b,0.9872703632500879,0.0013584832996682162,0.001646141823543917,0.00972501162670026
2c9180975a056a64015a1e1d735c729c,0.06203141173692312,0.003278300512642872,0.9286437692548413,0.006046518495592639
2c9180975a056a64015a1e41bbc27765,0.9443782784247009,0.002580197029302356,0.040723808792179725,0.01231771575381712
2c9180975a056a64015a1e41bbc2775e,0.9158977766365071,0.0030815067490779424,0.06706242336611033,0.013958293248304578
2c9180975a056a64015a1ddc1a306b28,0.08808760974089873,0.0030583331999962347,0.9017539984565632,0.007100058602541753
2c9180975a056a64015a1de453e96baf,0.9865084332216162,0.0012193884970147881,0.0019113009471847533,0.010360877334184124
2c9180975a056a64015a1e264d5f73c0,0.9261413739981684,0.0032780434573321917,0.056392792082526004,0.014187790461973208
2c9180975a056a64015a1e23443e7337,0.9859895083503535,0.0012169984440657448,0.002070368853001385,0.010723124352579523
2c9180975a056a64015a1dce7ac869b5,0.09125757235229177,0.0030201152433151357,0.8982750162826133,0.007447296121779748
2c9180975a056a64015a1e35cd3175a7,0.10173614812943768,0.0030628317094356147,0.8877542404519165,0.007446779709210147
2c9180975a056a64015a1de210cb6b96,0.9386825080548721,0.0032320104205030326,0.04448536946783241,0.013600112056792492
2c9180975a056a64015a1de210cb6b95,0.13552757338255159,0.003823137956629678,0.8551817505817009,0.00546753807911773
2c9180975a056a64015a1e041ed06f68,0.07978604422963247,0.003121228958117993,0.9104316317756425,0.0066610950366072594
2c9180975a056a64015a1e075da56ff2,0.9863477996723257,0.0012251564662390864,0.0019602139187759526,0.010466829942659402
2c9180975a056a64015a1dedca666cb1,0.09582986336916592,0.0030121069549614225,0.8934702782333354,0.007687751442537167
2c9180975a056a64015a1e304546752a,0.9148146783241393,0.0033142749858652864,0.06730753866167462,0.014563508028320684
2c9180975a056a64015a1dedca666cb2,0.9859504729931651,0.0012051909566345089,0.0020844532168521474,0.010759882833348161
2c9180975a056a64015a1dee86696cd8,0.6983717889586099,0.0038964122300324095,0.27919015130559277,0.018541647505764706
2c9180975a056a64015a1e01db306f4a,0.0838033654666186,0.005449417692365592,0.9069477070349004,0.0037995098061154153
2c9180975a056a64015a1dd566ae6a82,0.9397349013224953,0.0031148282438721235,0.043774092288294444,0.01337617814533834
2c9180975a056a64015a1dee5d166cd0,0.9864196729033056,0.0012094355278664416,0.0019413105240507324,0.01042958104477716
2c9180975a056a64015a1dd566ae6a83,0.10145161367045277,0.003048636762082206,0.8879342788999508,0.007565470667514436
2c9180975a056a64015a1dfb2f626e41,0.9858469877346683,0.0011569301154659367,0.0021253222186327064,0.010870759931233043
2c91809a59f17e5d015a21a5627830e0,0.07803505996374144,0.003117464950986517,0.9121872143551272,0.006660260730144891
2c91809a59f17e5d015a21a7f5093117,0.9090376768102021,0.003025214082906116,0.07399747107019973,0.013939638036691744
2c91809a59f17e5d015a21a7f5093121,0.09933648702757651,0.005578953257322697,0.8913340056932589,0.003750554021841846
2c9180975a056a64015a1e4c3a11791f,0.9858579885257955,0.0011480379647570572,0.002124177623811826,0.010869795885635474
2c9180975a056a64015a1e4c3a117920,0.09231779891716933,0.0061255950503191865,0.8980451521346329,0.003511453897878748
2c9180975a056a64015a1e1433667153,0.14624395297017795,0.0038498240983931373,0.8444988217037883,0.005407401227640526
2c9180975a056a64015a1ddb8a456b05,0.9865894539302772,0.0013065450671286391,0.0018683446487743102,0.01023565635381997
2c9180975a056a64015a1df0d6066cf4,0.09379928076256244,0.003060646274388209,0.8959256515524044,0.007214421410644661
2c9180975a056a64015a1e074c876fef,0.9860596898330823,0.001245816512687104,0.0020432955232606315,0.010651198130969791
2c9180975a056a64015a1dc26fe66863,0.08785649950723284,0.005932097512940389,0.9026290504864601,0.003582352493366542
2c9180975a056a64015a1e074c876fed,0.9858417665042554,0.0012052287991477623,0.00211604783867861,0.010836956857918339
2c9180975a056a64015a1e5b850e7ae3,0.9861756622781456,0.001196459004124175,0.0020192709676287468,0.01060860775010149
2c9180975a056a64015a1e5b850e7ae1,0.9858056930215237,0.001145716311069164,0.002139687919714408,0.010908902747692578
2c91809e5aba7d25015acd6875ca209b,0.920936095796943,0.0031292573657423967,0.061964573914363656,0.013970072922950902
2c91809e5aba7d25015acd44a99d1e9f,0.9861314894777389,0.0011894029842690623,0.002034195568432054,0.01064491196955988
2c9180a35b853b13015b8b8c25f75369,0.12914563594504505,0.0029847217756626345,0.8605634886231768,0.007306153656115605
2c9180935b853a2d015b8b9b42525153,0.054754981185231755,0.0034369718936053846,0.9361376687927675,0.005670378128395244
2c91808e5aba7da4015acd3f993557d4,0.054754981185231755,0.0034369718936053846,0.9361376687927675,0.005670378128395244
2c91808e5aba7da4015acd3f655a57be,0.9863578175931971,0.0011773251409545455,0.001967763566179741,0.010497093699668147
2c9180ad5b853aa1015b8b82f7725436,0.9860613210868096,0.0011165403736562364,0.0020720417625633655,0.01075009677697102
2c9180975a056a64015a1e5865077a5e,0.14713561313130546,0.0028734175899081246,0.8414880645163958,0.008502904762390748
2c9180975a056a64015a1e44cfea77fd,0.8882815902967324,0.002951870754524822,0.09472802104175837,0.014038517906984325
2c9180975a056a64015a1e5ed1d57b22,0.9864196729033056,0.0012094355278664416,0.0019413105240507324,0.01042958104477716
2c9180975a056a64015a1e5ed1d57b21,0.09029504236318292,0.003084403994424489,0.8996315275461908,0.00698902609620147
2c91809a59f17e5d015a219e78d93061,0.9859794857150143,0.0011820724972153838,0.002081093233086118,0.010757348554684295
2c91809a59f17e5d015a219e78d93060,0.056011328732665795,0.003278942884879415,0.9346680521740565,0.00604167620839814
2c91809a59f17e5d015a21bde7a934f0,0.0465160738532462,0.0035877421507665586,0.9444955858691233,0.005400598126863997
2c91809a59f17e5d015a21bde7a934ef,0.10039965562659524,0.0031030701772859414,0.8893941951805402,0.007103079015578656
2c91809a59f17e5d015a21bde7a934f4,0.9867958340099274,0.0015058021445029863,0.0017819781354806237,0.009916385710089076
2c9180975a056a64015a1e6ed9d67c45,0.9860503699799251,0.001081316101319831,0.002083701200469648,0.01078461271828513
2c9180975a056a64015a1e4849057896,0.1373799842291679,0.004269573837142334,0.8535125097341465,0.0048379321995431525
2c9180975a056a64015a1e4849057895,0.9860131484305605,0.001066926882793669,0.0020981363963346656,0.010821788290311144
2c91809a59f17e5d015a21a830a03132,0.04759705818903185,0.003585343568142888,0.9434156908673745,0.00540190737545078
2c9180975a056a64015a1e6ed9d67c4d,0.9860531201410018,0.0011664795537791501,0.0020628534941420367,0.01071754681107725
2c91809659f86230015a08b10bc66c48,0.9862447212328326,0.0012246459598450913,0.0019920202942274212,0.010538612513094894
2c91809659f86230015a0a1559e12a1e,0.9866148490759772,0.0014227586581542797,0.0018424687591401855,0.010119923506728735
2c91809659f86230015a0811d9775e26,0.9103444772519194,0.0031386450981562616,0.07229603967910365,0.014220837970820759
2c91809659f86230015a08cf83396eca,0.9863233065978626,0.00124395953335157,0.0019637402579084293,0.010468993610877312
2c91809659f86230015a0886ce2a6829,0.9862723773180697,0.001282875729216709,0.001971288442172412,0.010473458510541194
2c91809659f86230015a08cf83396ec5,0.9862744460694682,0.0012015549253299488,0.001988014392179329,0.010535984613022619
2c91809659f86230015a0864733f652c,0.13809521905222524,0.004155110577070698,0.8527794804550813,0.004970189915622778
2c91809659f86230015a0841dafc621a,0.9858989770035347,0.0011592714504998346,0.0021097775187777523,0.010831974027187783
2c91809659f86230015a0864733f652a,0.08501477215007666,0.0031105693290625976,0.9051049534050654,0.006769705115795238
2c91808d5aba7da4015acde018f764b2,0.8688137790553683,0.0033070389799976564,0.11239671886057989,0.015482463104054283
2c91808d5aba7da4015acde018f764af,0.06562155401994295,0.0031521125582471624,0.9247806675387338,0.006445665883076056
2c91808e5aba7da4015acdba35e15e7d,0.06507220277027187,0.003181298794009805,0.9254030251827959,0.006343473252922478
2c91808e5aba7da4015acdea5abc617e,0.93315153607846,0.0034462063060561035,0.04945601987967201,0.013946237735811766
2c9180845aba7d30015acdbd097004e6,0.897387612948977,0.0032294038362884357,0.08465172274645602,0.014731260468278752
2c91808d5aba7da4015acdaa928a6136,0.07197499779003654,0.003081423397259292,0.9181788034775471,0.006764775335157275
2c91808e5aba7da4015acd7e578b5afa,0.13114159667306552,0.0029055635093684067,0.857938921840032,0.008013917977534406
2c91808d5aba7da4015acd8d91465f64,0.12341326661561075,0.005606827644745885,0.867198721861334,0.0037811838783094512
2c91808d5aba7da4015acd8d91465f61,0.9029878067587616,0.0033652059281303395,0.07866730376736589,0.01497968354574241
2c91808e5aba7da4015acd7e578b5afd,0.9219567638781556,0.0029141732224027828,0.061717405291370986,0.01341165760807027
2c91808e5aba7da4015acd9760c15c1b,0.9861758789797909,0.0012778217770311369,0.0020016634902878523,0.010544635752890172
2c91808e5aba7da4015acd9760c15c1a,0.08201338377508491,0.0030805876716463298,0.9080294016757388,0.006876626877530005
2c9180845aba7d30015acde7e47f06a4,0.9235946756025925,0.0029483166143488633,0.059988526931675196,0.013468480851383611
2c91808e5aba7da4015acde2207160e7,0.9185363208635746,0.002848633418609515,0.06531901847971813,0.013296027238097955
2c91808e5aba7da4015acde486e76119,0.9028665274745125,0.0031847370431112975,0.0794517236309517,0.014497011851424569
2c91808e5aba7da4015acde2207160e8,0.10887452447374796,0.005369077698874016,0.8818832252401331,0.0038731725872450024
2c91808e5aba7da4015acddff6ac60c5,0.9049462696355903,0.002957045276757149,0.07828095341976847,0.013815731667883836
2c9180845aba7d30015acde7e47f06aa,0.12938257876038534,0.00542254520579147,0.861303678150729,0.003891197883094181
2c91808d5aba7da4015acdec7849655c,0.9126122371339025,0.0028786227487753915,0.07103748611280876,0.013471654004513575
2c9180975a056a64015a1e4e95a97945,0.04429839261453365,0.003367611867543342,0.9464911438816385,0.00584285163628474
2c9180975a056a64015a1e62a6f57b6d,0.9857891757132019,0.0011591089494692028,0.002141369935470489,0.010910345401858035
2c9180975a056a64015a1e62a6f57b6e,0.09903417399360256,0.005135701619015137,0.8918378397760122,0.003992284611370084
2c9180975a056a64015a1e44fa15781d,0.9860508418319279,0.0011249577803342015,0.002073165631232093,0.010751034756506302
2c9180975a056a64015a1e3f26a47717,0.9861038529101485,0.0011689439592260118,0.0020471459544133147,0.010680057176212041
2c9180975a056a64015a1e58d40e7aa8,0.09309765159228402,0.006467275388186161,0.8970405778786862,0.0033944951408433907
2c9180975a056a64015a1e44e95b7800,0.9246055458298,0.002899134847143963,0.05916950602237834,0.013325813300677851
2c9180975a056a64015a1e44e95b7808,0.9166396350708431,0.0029086206115433388,0.06696255260392767,0.013489191713685521
2c9180975a056a64015a1e44e95b780f,0.925814116155713,0.003601536446675429,0.056501552378824385,0.01408279501878715
2c91808e5aba7da4015acd4229d357fe,0.1338103690204964,0.004399522519198368,0.8570854450389497,0.004704663421355474
2c91809e5aba7d25015acdc01e892881,0.019544275145287286,0.0046455573789375365,0.9714919597250503,0.004318207750724582
2c91808e5aba7da4015acd3f655a57c2,0.11056409191303744,0.0030920765183178214,0.8787788888588309,0.007564942709813657
2c91809e5aba7d25015acd47c6251ed2,0.0871254992902693,0.0030552605318941773,0.9027193498295861,0.007099890348250467
2c9180ad5b853aa1015b8b5aeef751bd,0.986629390000633,0.0012772414134198243,0.001861240822671048,0.010232127763276127
2c91809e5aba7d25015acd49fc7b1f01,0.923433818532849,0.003413631857648121,0.05859266933087776,0.014559880278624938
2c91808e5aba7da4015acd2dfdd056ff,0.04940257236207813,0.0032830869380719926,0.941277588212057,0.00603675248779292
2c9180a35b853b13015b8b57334a5047,0.7175398409365973,0.003867575423837711,0.25995831308024153,0.018634270559323405
2c9180935b853a2d015b8b60875a4cef,0.023536102608346533,0.011812820057395618,0.9621516226344934,0.002499454699764334
2c91809e5aba7d25015acdc01e892888,0.9459937665984144,0.002513222330255729,0.03927973279832418,0.012213278273005685
2c91808d5aba7da4015acd47ee815caa,0.06789992512517093,0.0034302071064061515,0.9229845936923258,0.005685274076097198
2c9180845aba7d30015acdc866670576,0.26239132934632753,0.0036020051878225697,0.7139598431486862,0.0200468223171635
2c91808d5aba7da4015acd47ee815ca0,0.009814045641851005,0.02023909750355936,0.9677232596614278,0.00222359719316186
2c9180ad5b853aa1015b8c0df5d85bf3,0.6245748886017961,0.0037087078423743685,0.3522712595426366,0.01944514401319229
2c9180ad5b853aa1015b8c0df5d85bf8,0.9857084904124627,0.001179698067217215,0.0021596150758511796,0.010952196444469257
2c91808e5aba7da4015acd5409db58f7,0.8777675547591047,0.0033824217736788216,0.10328324769503176,0.015566775772184537
2c9180935b853a2d015b8bd0b96954a9,0.9861094333557345,0.0012482581175889758,0.002027893321905781,0.010614415204770711
2c91808e5aba7da4015acd9f8e0d5c94,0.053520168626538,0.0034383287226831855,0.9373724412817166,0.005669061369061917
2c9180ad5b853aa1015b8b69c6a95289,0.9869109029440826,0.0013732151568298645,0.0017571470487754287,0.00995873485031227
2c91809e5aba7d25015acd4d0d041f3f,0.9210737796605736,0.003025373490274811,0.06218987002877133,0.013710976820379991
2c9180ad5b853aa1015b8b69c6a95292,0.04050897287639915,0.0036032002477508628,0.9504942964545572,0.0053935304212927165
2c91809e5aba7d25015acd4d0d041f3c,0.10316308274465404,0.005383061828639134,0.8875979838833024,0.0038558715434044125
2c9180845aba7d30015acd5c653c00d9,0.10146059401242029,0.004894897429347348,0.8894869206019215,0.0041575879563108984
2c9180ad5b853aa1015b8b9bfc775648,0.10146059401242029,0.004894897429347348,0.8894869206019215,0.0041575879563108984
2c9180a35b853b13015b8b725f9851ce,0.05142010181939358,0.003211026755071911,0.9391340121466903,0.006234859278844182
2c9180845aba7d30015acd5c653c00be,0.9859386122407358,0.0012146242987340092,0.002085849496980095,0.01076091396355019
2c91808e5aba7da4015acd44d6df5829,0.024491748714929866,0.004083420648969541,0.9666103997392691,0.004814430896831377
2c9180935b853a2d015b8b9a210c513c,0.07953879681814009,0.0030145591382132746,0.9102330980630104,0.0072135459806363395
2c91808e5aba7da4015acd44d6df5823,0.07953879681814009,0.0030145591382132746,0.9102330980630104,0.0072135459806363395
2c9180935b853a2d015b920353111f7c,0.09878534303087641,0.0053954899456237024,0.8919763469818736,0.0038428200416264543
2c91808d5aba7da4015acd4aac205ccd,0.9862014773753667,0.0012580985471964436,0.001998018409237873,0.010542405668199053
2c9180935b853a2d015b8b65c9ab4d46,0.9048463469996272,0.0030542105098177764,0.07800400299015367,0.014095439500401385
2c91808d5aba7da4015acd4d46cd5d15,0.9862981723104203,0.0012631959701815438,0.001967429117282344,0.010471202602115853
2c91808e5aba7da4015acd4a1b465873,0.11794316767920598,0.005186619159092526,0.8728719482029245,0.003998264958776977
2c91808d5aba7da4015acd473c315c7a,0.047459849686020884,0.003362764913608374,0.9433318844478826,0.005845500952488173
2c9180935b853a2d015b8b5c6a6f4cbd,0.9860842304952812,0.001226581935033521,0.002040126896075941,0.010649060673609248
2c91808d5aba7da4015acd473c315c7d,0.9864720540549893,0.0013211856620745667,0.0019023134534574995,0.010304446829478718
2c91808d5aba7da4015acda20ef360a5,0.9859338370708394,0.0011751406163687417,0.00209603723429191,0.010794985078499643
2c91808d5aba7da4015acdb8ac7b61d7,0.8253636584801135,0.0036155630163072334,0.15380384210970396,0.017216936393875264
2c91808d5aba7da4015acdb8ac7b61d6,0.9158977766365071,0.0030815067490779424,0.06706242336611033,0.013958293248304578
2c91808e5aba7da4015acd5a21f15954,0.986036202141334,0.0011799449722389806,0.0020648142724323717,0.010719038613994522
2c91808e5aba7da4015acd4cd5795897,0.8845435330298085,0.0030260001738080765,0.09810223054974768,0.01432823624663607
2c9180a35b853b13015b8b5b03f15063,0.8845435330298085,0.0030260001738080765,0.09810223054974768,0.01432823624663607
2c9180845aba7d30015acdc5b2610540,0.13347413068643812,0.00510374869105317,0.8573252296308406,0.004096890991668183
2c91808d5aba7da4015acdb8ac7b61cd,0.9861149868246708,0.0011601043250077279,0.0020458392797681043,0.010679069570553439
2c9180845aba7d30015acdc5b2610547,0.8832668490412999,0.003241071515656248,0.09846262495674636,0.015029454486297462
2c91808e5aba7da4015acd4cd57958a5,0.9073554073101715,0.0029544255193805656,0.07592051869182376,0.013769648478624271
2c91808e5b853b1a015b8b770bcf4c3b,0.9863312642983176,0.0013523041633936072,0.0019399923581992558,0.010376439180089457
2c91808e5aba7da4015acd5a43015971,0.594310701743639,0.003406507947300556,0.3891770581547931,0.013105732154267373
2c91808e5aba7da4015acd5a43015973,0.8797136378889007,0.0033951687428256223,0.10132300546320419,0.015568187905069742
2c91808d5aba7da4015acdd3fa8963b2,0.726357010375573,0.0038270689662042497,0.2513218282523304,0.018494092405892438
2c91809e5aba7d25015acde7c2c62b7f,0.9860777621819492,0.0012728977245551757,0.0020321757117983037,0.010617164381697249
2c9180ad5b853aa1015b8b88d370551e,0.13173367292999824,0.005029772186169569,0.8590945204694754,0.004142034414356742
2c9180935b853a2d015b8b6f39a04e0e,0.08783914510135254,0.0030397208489734424,0.9019073387523413,0.0072137952973326406
2c91808e5aba7da4015acd546633590d,0.9863834994931097,0.0012371327955281244,0.0019465728154429423,0.010432794895919152
2c91808d5aba7da4015acdd3fa8963b7,0.039696268204959265,0.0038789129760550684,0.9514369920233423,0.004987826795643343
2c91808e5b853b1a015b8ba12a9c4e66,0.9863834994931097,0.0012371327955281244,0.0019465728154429423,0.010432794895919152
2c9180935b853a2d015b9251f48f23e3,0.8985751739373731,0.003011499006023368,0.08433661535316095,0.014076711703442548
2c9180ad5b853aa1015b8b730c72535e,0.8986427344536536,0.0032831137448499133,0.08321829807058652,0.014855853730909833
2c91808e5aba7da4015acd5a62bc5988,0.9864335663862339,0.0012759468742918577,0.0019229710128343196,0.010367515726640015
2c9180a35b853b13015b8b58df1a5059,0.8997939144414596,0.0027322293189822443,0.08427752433753694,0.013196331902021083
2c9180845aba7d30015acd5c653c00d8,0.9061092149832947,0.0030037246228829975,0.07695644173452615,0.013930618659296082
2c9180ad5b853aa1015b8b6d289f52d5,0.9089143679620302,0.0028716185478073336,0.07470645343151149,0.013507560058651185
2c9180845aba7d30015acd4d2ca00037,0.047732880125007746,0.0034464614115268456,0.943157578609499,0.005663079853966162
2c9180ad5b853aa1015b8b61066151f5,0.12834430450571835,0.005179727729637882,0.8624451104591688,0.004030857305475093
2c9180a35b853b13015b8bdae78b5875,0.9860418765992175,0.0011754309029440363,0.0020641535351967597,0.010718538962641747
2c91808d5aba7da4015acdae944f616e,0.9860418765992175,0.0011754309029440363,0.0020641535351967597,0.010718538962641747
2c91809e5aba7d25015acdb99fff27ce,0.11068225512601809,0.005933325784060102,0.879773699605844,0.0036107194840775867
2c91809e5aba7d25015acd722bec2179,0.11004942120722766,0.005366511684348635,0.8807072970638339,0.0038767700445899405
2c9180935b853a2d015b8b9a210c514a,0.8979131440541056,0.00369342976632647,0.08244030900709898,0.01595311717246891
2c91808e5b853b1a015b8b9c5cfb4e2f,0.9860982336906069,0.0011734016935071518,0.002047810083334841,0.010680554532550963
2c91808e5b853b1a015b8b9c5cfb4e29,0.11669543075679219,0.0051879720787794785,0.8741221736509212,0.003994423513507227
2c91808e5aba7da4015acd68cea25a0e,0.04856090323631139,0.003361297324777407,0.942231353114013,0.0058464463248981
2c91809659f86230015a08ad579a6bd9,0.9865670939042539,0.0012130906314818468,0.001894116562111544,0.01032569890215258
2c91809659f86230015a085af3516476,0.9859166884452661,0.001188870502970894,0.00209795754207513,0.0107964835096879
2c91809659f86230015a08d006806f3c,0.04480950145833391,0.003543375279332571,0.9461630590186546,0.005484064243679111
2c91809659f86230015a0853b4356382,0.9863114415083233,0.0012132975864130435,0.0019740338447666937,0.010501227060497097
2c91809659f86230015a09b5d5e012b1,0.035263691246508765,0.008406942451105893,0.9534195897087049,0.0029097765936804
2c91809659f86230015a09b5d5e012ac,0.035662669040383226,0.003836453538614662,0.9554408180370515,0.005060059383950372
2c91809659f86230015a08913d696916,0.9411334673213251,0.0030190547985356224,0.04264557430508855,0.013201903575050923
2c91809659f86230015a091d86587829,0.9862567249722647,0.0012153305425663538,0.0019903910734328572,0.010537553411736343
2c91808e5aba7da4015acdea7a2b61a5,0.11184662588630673,0.005541140138843519,0.878823161403604,0.0037890725712459265
2c91809e5aba7d25015acd7eaf23224a,0.9869573818788016,0.0014001709492687988,0.0017399647022986735,0.009902482469630935
2c91808d5aba7da4015acd9bc1406042,0.12696867334633122,0.004885879384136721,0.863913389340954,0.004232057928577882
2c9180935b853a2d015b8b5ac4b74c9c,0.03366379788744652,0.0034350560566150878,0.9571597317670664,0.005741414288872212
2c91809e5aba7d25015acd75ac2f21b6,0.09304732412800623,0.005602636278773837,0.8976182930323652,0.0037317465608547977
2c91808d5aba7da4015acd99124c6005,0.9867113804434651,0.0012877357763830765,0.0018332554230376362,0.010167628357114187
2c91808e5aba7da4015acddda7fe607c,0.11952671901420972,0.005266156407415965,0.8712529271951553,0.00395419738321901
2c91809e5aba7d25015acda9589c265e,0.7158696337997986,0.003847459625767832,0.261780999942815,0.01850190663161848
2c91808e5aba7da4015acdaf08755d6d,0.9863648794776624,0.0012513405282430336,0.0019493404928570548,0.010434439501237422
2c91808e5aba7da4015acdaf08755d6c,0.053061323717821046,0.0033175992376729344,0.9376770556917542,0.005944021352751813
2c91808e5aba7da4015acdaf08755d6a,0.1082210453999157,0.0030804218338148894,0.8811335399941966,0.00756499277207277
2c91809e5aba7d25015acd81b03022af,0.9278497867441748,0.003442778613842522,0.05492958536159836,0.013777849280384424
2c91808d5aba7da4015acdcabe7a6325,0.9195460513388272,0.003052308002849858,0.06359206094138264,0.013809579716940162
2c91808d5aba7da4015acdcabe7a632a,0.04254707150941097,0.0034563976541140073,0.9483385388157464,0.005657992020728914
2c91809e5aba7d25015acdc38c432900,0.06617512098257478,0.003124503554250224,0.9241506715429955,0.00654970392017938
2c91809e5aba7d25015acdc38c4328fb,0.9169306975909675,0.0035096182171488926,0.0645981258102364,0.01496155838164723
2c91809e5aba7d25015acdc38c4328f4,0.9283712159429687,0.003355434203564183,0.054688968674279394,0.013584381179187841
2c9180845aba7d30015acdb5b8cc0441,0.11733295646762018,0.0053529418510336125,0.8734147372280648,0.0038993644532811706
2c91809e5aba7d25015acdc892a9292e,0.9857198551696116,0.0011704742144111966,0.0021584562170227414,0.010951214398954277
2c91808d5aba7da4015acdc2b30e6266,0.9128230722448161,0.002936543261120612,0.0706109612226014,0.013629423271462052
2c9180845aba7d30015acdd72cb405ec,0.9254503997891819,0.0027946382337462133,0.058711704771125355,0.013043257205946897
2c9180845aba7d30015acdae1b9903d2,0.1103519179007982,0.005454179423142485,0.8803633643358016,0.003830538340257463
2c9180935b853a2d015b8b7d5aa84ec6,0.9858833605140285,0.0012584298245451185,0.002092526698268026,0.010765682963158458
2c91808d5aba7da4015acdc65a906300,0.1080074946312154,0.005459972432747449,0.8827092309765834,0.003823301959453768
2c91808d5aba7da4015acdc65a9062ff,0.9228743646753909,0.0031275330781686196,0.06007577362855812,0.013922328617882094
2c9180935b853a2d015b8b7d5aa84ec9,0.12205355627098109,0.004955410475845953,0.8688269870857886,0.004164046167384509
2c9180935b853a2d015b8b7d5aa84ec8,0.9862567249722647,0.0012153305425663538,0.0019903910734328572,0.010537553411736343
2c91808d5aba7da4015acdcabe7a6330,0.07759295591975754,0.003069792764826997,0.912461925860831,0.006875325454584472
2c91808d5aba7da4015acddb8bfb646b,0.9156324834696118,0.0028635829629879246,0.06812125248120292,0.013382681086197242
2c91808d5aba7da4015acdcabe7a6335,0.923004440492198,0.0033833920963809256,0.05910627994347177,0.01450588746794938
2c91808d5aba7da4015acddb8bfb6461,0.0898168342594514,0.0031242737264491572,0.9002869308243193,0.0067719611897803286
2c91809e5aba7d25015acdd6c89f2a6b,0.04773334742825163,0.0032847358889788376,0.9429463423425647,0.006035574340205055
2c9180975a056a64015a1e296a08742a,0.11791130972744712,0.004883776324508095,0.873000010391781,0.004204903556263762
2c91809a59f17e5d015a21a48da730b9,0.06746449594149723,0.006661465269988534,0.9225570488330884,0.0033169899554259595
2c91809a59f17e5d015a21a48da730bb,0.9153975693217418,0.0030564145014702706,0.06764258718160213,0.013903428995185924
2c9180975a056a64015a1e556ce479e9,0.1033758305431256,0.0030457431560514266,0.8858924947486878,0.007685931552135179
2c9180975a056a64015a1e52ab4679be,0.9860072928505671,0.0012029051330908732,0.0020682285734288266,0.010721573442913222
2c91809a59f17e5d015a21a7937830fe,0.11118103734704408,0.0031204452457553105,0.8783666841809029,0.0073318332262976025
2c9180975a056a64015a1e58ec867ab9,0.034146896830645056,0.003675984737201491,0.9568752218404313,0.005301896591722108
2c9180975a056a64015a1e58ec867abc,0.9864342521457019,0.0011583410595912334,0.001948312445777091,0.010459094348929627
2c91809a59f17e5d015a21bed0cb3545,0.9270142529432265,0.003689479055675581,0.054968800029341895,0.01432746797175621
2c9180975a056a64015a22a3fb7e1824,0.9374515233868211,0.0032876370363368133,0.04556629437935619,0.013694545197485817
2c9180975a056a64015a22a3fb7f1827,0.10483445418624734,0.005206610688057354,0.8860002878941652,0.0039586472315300755
2c91809659f86230015a08f6a520737e,0.9162097275718535,0.0030429455396670663,0.06689488450221087,0.013852442386268636
2c91809659f86230015a08f6a5207380,0.11759009063951986,0.00481358137913036,0.8733379214574067,0.004258406523943088
2c91809659f86230015a08913d696913,0.9860020553786363,0.0011640460648842013,0.0020785340004305574,0.010755364556048912
2c91809659f86230015a08913d696914,0.10736504768182657,0.0030886512512891128,0.8820993099720249,0.007446991094859461
2c91808e5aba7da4015acdd3b8075fac,0.07803505996374144,0.003117464950986517,0.9121872143551272,0.006660260730144891
2c9180935b853a2d015b8bc9ea265438,0.986069604890517,0.0011960753319241796,0.002051242118203835,0.010683077659354683
2c9180935b853a2d015b8bc9ea265436,0.9867567487191026,0.0012546685081450415,0.0018249984270048997,0.010163584345747226
2c91808e5aba7da4015acd84a62d5b30,0.9867567487191026,0.0012546685081450415,0.0018249984270048997,0.010163584345747226
2c91809e5aba7d25015acda942fe264b,0.1112060178563098,0.005036023087268415,0.8796786443288136,0.004079314727608343
2c9180935b853a2d015b8bc253ad53f3,0.9865323734293461,0.0012765055953825437,0.0018919751267328273,0.010299145848538678
2c91809e5aba7d25015acd9fd7e12580,0.9865323734293461,0.0012765055953825437,0.0018919751267328273,0.010299145848538678
2c91808e5aba7da4015acd68cea25a0c,0.10425607186753784,0.005045048573308524,0.8866398915151424,0.004058988044011186
2c91808e5b853b1a015b8b9c5cfb4e31,0.10425607186753784,0.005045048573308524,0.8866398915151424,0.004058988044011186
2c9180845aba7d30015acdb98289047e,0.9857585565428136,0.0011390059333777171,0.0021545893925413143,0.01094784813126735
2c9180ad5b853aa1015b8bb71bbc57ed,0.9857585565428136,0.0011390059333777171,0.0021545893925413143,0.01094784813126735
2c9180ad5b853aa1015b8bb71bbc57ef,0.986345500907413,0.001341742404861452,0.001937550459400341,0.01037520622832524
2c9180845aba7d30015acdb98289047f,0.986345500907413,0.001341742404861452,0.001937550459400341,0.01037520622832524
2c91808e5aba7da4015acdd3964e5faa,0.9857904429566104,0.001113014216339146,0.0021514958789581127,0.01094504694809215
2c91808e5ba960a0015bab2cbc9615a1,0.9867050333406224,0.0014229301747158815,0.0018149802599095812,0.010057056224752264
2c91809e5aba7d25015acda24fb625a1,0.9867050333406224,0.0014229301747158815,0.0018149802599095812,0.010057056224752264
2c91809e5aba7d25015acdd6812d2a60,0.9864988518973898,0.0011483746715400284,0.0019303252539037245,0.010422448177166532
2c91808e5aba7da4015acddfd49560bb,0.08319073648974652,0.006919585615643586,0.9066375035327093,0.0032521743619002524
2c91808d5aba7da4015acde809146502,0.0353565078692592,0.0036714247225911275,0.955668780848795,0.005303286559354838
2c91808e5aba7da4015acdad718f5d4d,0.04982907249369209,0.0034006458565717947,0.9410147835811619,0.00575549806857437
2c9180a55ba961a6015bab327ca31455,0.04982907249369209,0.0034006458565717947,0.9410147835811619,0.00575549806857437
2c91808d5aba7da4015acde809146505,0.9861756622781456,0.001196459004124175,0.0020192709676287468,0.01060860775010149
2c91808e5b853b1a015b8b60d8374a04,0.14528179751219172,0.0028914093955445604,0.8437061212327936,0.008120671859470161
2c91808e5aba7da4015acdbd98a75ea6,0.9861198970688023,0.0011985394781668306,0.0020356296397107836,0.010645933813320031
2c91808e5aba7da4015acdbd98a75ea3,0.9864992943782125,0.0012641472185595587,0.0019048191650972769,0.010331739238130888
2c9180ad5b853aa1015b8be26d245a4f,0.9864992943782125,0.0012641472185595587,0.0019048191650972769,0.010331739238130888
2c91809e5aba7d25015acd8b68112390,0.9860868894747743,0.0011823937177564262,0.002049160354730528,0.010681556452738751
2c9180ad5b853aa1015b8b8fdfc95597,0.9861314894777389,0.0011894029842690623,0.002034195568432054,0.01064491196955988
2c9180845aba7d30015acd9f1bc4032c,0.9856896128123244,0.001104189428069593,0.0021818153778305474,0.011024382381775185
2c9180a35b853b13015b8bde0f0058ad,0.8943083344687743,0.0029109932520948556,0.0889509011982781,0.01382977108085274
2c9180a35b853b13015b8bde0f0058a0,0.10917421555713953,0.005457036495047506,0.8815418512698425,0.0038268966779702843
2c9180845aba7d30015acd9f1bc3031f,0.10917421555713953,0.005457036495047506,0.8815418512698425,0.0038268966779702843
2c9180a35b853b13015b8bde0f00589c,0.920443835839669,0.002939835699094812,0.06311114336256672,0.013505185098669539
2c91809e5aba7d25015acd9fba2f256a,0.9858272510829214,0.0011282118570201405,0.0021375272345550166,0.010907009825503503
2c91809e5aba7d25015acda942fe2641,0.08067491182201783,0.0031232221331859433,0.9095403355463688,0.00666153049842755
2c91808e5aba7da4015acdd6a31a5ffd,0.9864017613177055,0.0012231658177231054,0.001943897239011789,0.010431175625559475
2c91808d5aba7da4015acdaab72c613b,0.02507075189831263,0.0040795281527010304,0.9660344979817194,0.0048152219672670275
2c91809e5aba7d25015acdb99fff27d4,0.9862140315107768,0.0012484041695373386,0.0019962563851787475,0.010541307934507178
2c9180ad5b853aa1015b8be0a8835a19,0.49497557718581714,0.0034258218867198953,0.48822068255390416,0.013377918373558638
2c9180ad5b853aa1015b8be0a8835a1b,0.9862140315107768,0.0012484041695373386,0.0019962563851787475,0.010541307934507178
2c91809e5aba7d25015acdbd77cd2837,0.9860811639714915,0.0011869282987030725,0.0020498466724637675,0.010682061057341865
2c9180935b853a2d015b8bdbb7ab554d,0.9153975693217418,0.0030564145014702706,0.06764258718160213,0.013903428995185924
2c91808d5aba7da4015acd9badff601e,0.9153975693217418,0.0030564145014702706,0.06764258718160213,0.013903428995185924
2c91808d5aba7da4015acd9badff6027,0.9861818943349222,0.0011495529841880833,0.00202811844020981,0.010640434240680174
2c91809e5aba7d25015acda5dd0e25fc,0.9858795904006121,0.0011305547799840714,0.0021219605808426504,0.010867894238561084
2c91808d5aba7da4015acdbd583c6211,0.09559588173773874,0.0030515884892886834,0.8940227793538849,0.007329750419087742
2c91809e5aba7d25015acdcf32e229ce,0.9862193936900926,0.0012035620739624553,0.002004398444721982,0.01057264579122283
2c91809e5aba7d25015acda24fb625a5,0.11201350557069333,0.0030700496753249657,0.8769859419781637,0.007930502775818004
2c91808e5aba7da4015acda316005ccb,0.02901034227796836,0.0039281220630057075,0.9620885945089444,0.004972941150081702
2c9180a35b853b13015b8b693dc750fd,0.9864902629611425,0.0012331676930109705,0.0019140712736307388,0.010362498072215957
2c9180a35b853b13015b8b5e45a9509a,0.9864841268848468,0.0012378133434789399,0.0019150158286846374,0.010363043942989985
2c9180a35b853b13015b8b693dc750fa,0.07156663400749678,0.0030351988914110476,0.9184130238214618,0.006985143279630126
2c9180845aba7d30015acd98bc0902d3,0.053061323717821046,0.0033175992376729344,0.9376770556917542,0.005944021352751813
2c91808e5aba7da4015acdd6162f5fd9,0.11759009063951986,0.00481358137913036,0.8733379214574067,0.004258406523943088
2c9180a35b853b13015b8b63c4a450c9,0.9864079861654409,0.0013682156928128838,0.0019137784502681694,0.01031001969147805
2c91808e5aba7da4015acdd6162f5fd4,0.9206364858753667,0.003169892270303311,0.06211858870624116,0.014075033148088764
2c91809e5aba7d25015acdd1504a2a00,0.09255268433433805,0.0031117387743472367,0.8974550299064465,0.006880546984868194
2c91809e5aba7d25015acd98fc6924d5,0.8985751739373731,0.003011499006023368,0.08433661535316095,0.014076711703442548
2c91808e5ba96106015bab2f8b6513fd,0.9860189649926389,0.0011936425142083948,0.0020668403790615798,0.010720552114091333
2c91808d5aba7da4015acd910b405f80,0.10457251683360853,0.005469228619769472,0.8861454608777782,0.0038127936688437994
2c91808d5aba7da4015acde809146509,0.8797914750423752,0.0032841795375946445,0.10169988616499638,0.01522445925503389
2c91808e5aba7da4015acdad718f5d4a,0.8837242189111358,0.0036176650379640255,0.0965274227491357,0.016130693301764573
2c91808d5aba7da4015acde80914650a,0.02161362550972536,0.003683023265623546,0.9693292277295165,0.0053741234951348695
2c9180a55ba961a6015bab327ca31452,0.8837242189111358,0.0036176650379640255,0.0965274227491357,0.016130693301764573
2c91808d5aba7da4015acde80914650f,0.05490432641956956,0.0031774776820618954,0.9355804344675952,0.006337761430773485
2c9180a55ba961a6015bab327ca3144a,0.13664827886963643,0.004158131975645648,0.8542261088939964,0.00496748026072161
2c91809e5aba7d25015acd8793a8231f,0.8930200223180969,0.0027820546833508025,0.09076923974480128,0.013428683253750857
2c91809e5ba96014015bab30da41167f,0.9858795904006121,0.0011305547799840714,0.0021219605808426504,0.010867894238561084
2c91808e5aba7da4015acda316015ccf,0.9868336987774554,0.0013337607528326808,0.0017867144619339165,0.010045826007778267
2c91809e5ba96014015bab358c131729,0.9113158644720395,0.0027804192104280453,0.07269514511246276,0.013208571205069713
2c91808e5aba7da4015acd97fac15c26,0.9862563508735431,0.0012557755091056866,0.0019817922916203806,0.010506081325730754
2c91808e5ba96106015bab6991a51c67,0.0931080594564124,0.003258911293607677,0.8973661518671217,0.006266877382858268
2c91809e5aba7d25015acd8793a82321,0.07630084203276027,0.003025045779236823,0.9135754509675017,0.007098661220501148
2c9180a55ba961a6015bab3c70561657,0.07409376560319347,0.004507875873588096,0.9169595304385144,0.0044388280847037255
2c91809e5aba7d25015acdb6308c27a8,0.9162874761073247,0.0034018798589504936,0.06557742318563109,0.014733220848093935
2c91808e5b853b1a015b8bf3079752d9,0.9162874761073247,0.0034018798589504936,0.06557742318563109,0.014733220848093935
2c91808e5aba7da4015acda32f655cd5,0.986262669661139,0.0012107124851431857,0.0019895899993811845,0.010537027854336637
2c9180ad5b853aa1015b8bc7076158f2,0.9858188877533826,0.001179608865671529,0.0021282935686293626,0.010873209812316318
2c91808e5aba7da4015acda32f655cdd,0.9858188877533826,0.001179608865671529,0.0021282935686293626,0.010873209812316318
2c9180845aba7d30015acdbc74bd04a8,0.9862135061740457,0.0012081590449079015,0.002005168846502328,0.010573165934544104
2c91808e5b853b1a015b8bd7f40551be,0.8996479828854215,0.002904978310139438,0.08370780079457725,0.013739238009862074
2c9180a35b853b13015b922b89b32285,0.9158977766365071,0.0030815067490779424,0.06706242336611033,0.013958293248304578
2c91808e5ba960a0015bab26ba0b1474,0.9057131921885433,0.002798226958604695,0.0781544924234411,0.01333408842941149
2c91809e5aba7d25015acd9b56c324e8,0.9057131921885433,0.002798226958604695,0.0781544924234411,0.01333408842941149
2c9180935b853a2d015b8b8324be4f28,0.03156966790889621,0.0037406739615713815,0.9594737387200742,0.005215919409458262
2c9180935b853a2d015b8b8324be4f34,0.05697774993233031,0.003353601051590559,0.9338145979480568,0.005854051068022535
2c9180845aba7d30015acdbc74bd04bf,0.986069604890517,0.0011960753319241796,0.002051242118203835,0.010683077659354683
2c9180a35b853b13015b8b74460751fa,0.9870411983979663,0.0013440419827230013,0.0017196173559816516,0.009895142263329113
2c9180ad5b853aa1015b8be26d245a45,0.4505791484770333,0.0036238305706064425,0.5262779314642593,0.01951908948810121
2c91808e5aba7da4015acdbd98a75ebb,0.9863458931125642,0.0012657931515121792,0.0019522036299124863,0.010436110106011429
2c9180845aba7d30015acd9f725b033d,0.01218066349871162,0.03409036636139407,0.9511751291735008,0.002553840966393925
2c9180845aba7d30015acd9f725b033b,0.10651474544408816,0.0030982394823851583,0.8830560799093257,0.0073309351642008675
2c9180ad5b853aa1015b8b88d3705511,0.10947454043756245,0.005547369509623009,0.8811964349572184,0.0037816550955961843
2c91809e5aba7d25015acde7c2c62b6a,0.8940599144428516,0.0032054117473816635,0.08800801506743396,0.014726658742332725
2c9180935b853a2d015b8bc253ad53ec,0.9864072719087523,0.0012956752931385538,0.0019272286176779492,0.010369824180431059
2c91809659f86230015a088b500a6899,0.9865192798057681,0.0012862375000771212,0.0018941812602740976,0.010300301433880693
2c91809659f86230015a088b500a689a,0.15613668807356562,0.0028673102010627516,0.8323772394596278,0.008618762265743648
2c91809659f86230015a0811ee915e2b,0.08783914510135254,0.0030397208489734424,0.9019073387523413,0.0072137952973326406
2c91809659f86230015a078e631251f9,0.9206399571783718,0.003354677018416145,0.06149858073840262,0.014506785064809173
2c91809659f86230015a081c0b635f25,0.9201182141471435,0.0026044051244533835,0.06468779401947522,0.012589586708927519
2c91809659f86230015a081c0b635f29,0.1123378907058262,0.004488526489111525,0.8786396510280903,0.004533931776972218
2c91809659f86230015a082d16286098,0.9861580552566656,0.0012102656767900822,0.002021519089127871,0.010610159977416133
2c91809659f86230015a0ab979ec56ad,0.06729499449304849,0.003073923479293996,0.9228676601813232,0.006763421846334223
2c91809659f86230015a0ab979ec56ab,0.08178280669901003,0.006188881313822147,0.9085487169290684,0.0034795950580992934
