Id,Front,Left,Rear,Right
2c9180975a056a64015a1e10d3f270fe,0.5318025369804216,0.016576569145855154,0.42817135394324957,0.023449539930473478
2c9180975a056a64015a1de4deb16bdc,0.5317360107975485,0.0166258631360876,0.42818359990692,0.02345452615944398
2c9180975a056a64015a1e0e70ea70ce,0.5317569444990522,0.016608486247246892,0.4281817648700442,0.023452804383656677
2c9180975a056a64015a1dfed0c46ec6,0.5317649872409369,0.01660399573102464,0.4281786868581119,0.02345233016992667
2c9180975a056a64015a1dfed0c46ec7,0.5317357772263587,0.016632307384304486,0.4281768289046257,0.02345508648471122
2c9180975a056a64015a1e44ba4377f8,0.5320911635505169,0.016573495346787197,0.42788933576119403,0.023446005341501656
2c9180975a056a64015a1e010c8f6ee1,0.5317357962269285,0.016626780634013013,0.428182814919123,0.02345460821993529
2c9180975a056a64015a1e1db63072aa,0.5318080141999532,0.016572831223128602,0.4281699994154209,0.023449155161497665
2c9180975a056a64015a1e1db63072a8,0.5325165871293597,0.01690875579802184,0.42710461238023545,0.023470044692383202
2c9180975a056a64015a1e2354f5733c,0.5326713227021794,0.017046399624554363,0.4268018881278407,0.023480389545425587
2c9180975a056a64015a1e07928f6ff8,0.5317361547969064,0.016624795749612908,0.4281846174638584,0.023454431989622194
2c9180975a056a64015a1e20a607730a,0.5317356466144348,0.01662878040512217,0.4281807898774723,0.023454783102970684
2c9180975a056a64015a1e3322e37587,0.5329227827139149,0.017835968177639314,0.42569285412913194,0.023548394979313866
2c9180975a056a64015a1e050c296fcd,0.5317610732358363,0.01660761419676407,0.4281786255663127,0.02345268700108678
2c9180975a056a64015a1e050c296fcf,0.5317806413365054,0.016592260755294345,0.42817595605517356,0.023451141853026842
2c9180975a056a64015a1e04ad9f6f84,0.532787225221493,0.016945988066773873,0.4267967211719388,0.02347006553979431
2c9180975a056a64015a1de7a19c6c2b,0.5318014104853361,0.01657902992017151,0.4281697926810939,0.023449766913398458
2c9180975a056a64015a1e1180a37123,0.5325826991034417,0.01697919495177951,0.42696262154968073,0.023475484395098178
2c9180975a056a64015a1e1d735c729b,0.5317389187926613,0.0166460465744602,0.4281588002659209,0.023456234366957658
2c9180975a056a64015a1e1d735c729c,0.5327206521575492,0.016997835967795742,0.4268060375262998,0.02347547434835513
2c9180975a056a64015a1e41bbc27765,0.5317828223555815,0.016584717540612724,0.42818200127228045,0.023450458831525745
2c9180975a056a64015a1e41bbc2775e,0.5317796290487092,0.01659437470474154,0.4281746588135326,0.023451337433016584
2c9180975a056a64015a1ddc1a306b28,0.5325926010497068,0.016954213258376507,0.42698003624045605,0.02347314945146025
2c9180975a056a64015a1de453e96baf,0.531735899882103,0.01663015019328798,0.4281790515810441,0.023454898343564894
2c9180975a056a64015a1e264d5f73c0,0.5317601836802412,0.016607444695898248,0.4281796906704941,0.023452680953366414
2c9180975a056a64015a1e23443e7337,0.5317358160369328,0.016626488335654402,0.428183112949544,0.023454582677868752
2c9180975a056a64015a1dce7ac869b5,0.5325479330094459,0.016963282665226228,0.42701429144221753,0.023474492883110504
2c9180975a056a64015a1e35cd3175a7,0.5325616209352566,0.016928770881447848,0.4270383376900979,0.023471270493197673
2c9180975a056a64015a1de210cb6b96,0.5317574236837139,0.016607570773185077,0.42818228634833744,0.02345271919476378
2c9180975a056a64015a1de210cb6b95,0.5325184965649739,0.017659194024735106,0.4262853245050007,0.023536984905290603
2c9180975a056a64015a1e041ed06f68,0.5326477070561534,0.016957842268355075,0.4269216455662365,0.02347280510925509
2c9180975a056a64015a1e075da56ff2,0.5317357491815262,0.01662898433742562,0.42818046704017926,0.02345479944086881
2c9180975a056a64015a1dedca666cb1,0.5325221358839538,0.016960871091313282,0.4270424024651501,0.023474590559583064
2c9180975a056a64015a1e304546752a,0.531767214248308,0.016604002151406706,0.428176475325809,0.023452308274476388
2c9180975a056a64015a1dedca666cb2,0.5317358723366167,0.01662614719629605,0.42818342801138715,0.02345455245569984
2c9180975a056a64015a1dee86696cd8,0.531890611924372,0.016559846820167937,0.4281024251218203,0.023447116133639798
2c9180975a056a64015a1e01db306f4a,0.5329126060390847,0.01776231711553156,0.42578335041545207,0.023541726429931645
2c9180975a056a64015a1dd566ae6a82,0.5317605925231884,0.01660483142478183,0.428182128751351,0.023452447300678816
2c9180975a056a64015a1dee5d166cd0,0.5317358525644295,0.016629216354984752,0.4281801128917194,0.023454818188866005
2c9180975a056a64015a1dd566ae6a83,0.532545143302216,0.016936453616586102,0.4270462532555283,0.023472149825669336
2c9180975a056a64015a1dfb2f626e41,0.5317360552351452,0.016625244072409822,0.4281842286659637,0.023454472026481103
2c91809a59f17e5d015a21a5627830e0,0.5326447746692523,0.016965261069882,0.4269164657234071,0.023473498537458445
2c91809a59f17e5d015a21a7f5093117,0.5317906444253133,0.01658723993948121,0.42817151736930964,0.023450598265895836
2c91809a59f17e5d015a21a7f5093121,0.5329926672959928,0.01765470789565404,0.42582173831005016,0.023530886498303268
2c9180975a056a64015a1e4c3a11791f,0.5317360690270202,0.016625217256099258,0.42818424418002454,0.023454469536855864
2c9180975a056a64015a1e4c3a117920,0.5330924656717535,0.017652695549460362,0.42572533307950233,0.02352950569928396
2c9180975a056a64015a1e1433667153,0.5325490314998607,0.017621204167251107,0.42629661429912585,0.023533150033762298
2c9180975a056a64015a1ddb8a456b05,0.5317356459817181,0.016633325004430877,0.42817585282813836,0.02345517618571254
2c9180975a056a64015a1df0d6066cf4,0.5325840574407209,0.016940904857055752,0.42700296414104716,0.023472073561176268
2c9180975a056a64015a1e074c876fef,0.5317356879041397,0.016627284668013043,0.4281823742447379,0.023454653183109443
2c9180975a056a64015a1dc26fe66863,0.5330349901580159,0.01769798995003983,0.42573266919204344,0.023534350699900685
2c9180975a056a64015a1e074c876fed,0.5317359417724434,0.01662562380039338,0.42818392813839895,0.02345450628876398
2c9180975a056a64015a1e5b850e7ae3,0.5317358224058808,0.016627304131224346,0.42818222027845765,0.023454653184437103
2c9180975a056a64015a1e5b850e7ae1,0.5317361033608079,0.01662501301216642,0.42818443219610386,0.023454451430921706
2c91809e5aba7d25015acd6875ca209b,0.531771902179969,0.016599380294853087,0.4281768621790723,0.023451855346105544
2c91809e5aba7d25015acd44a99d1e9f,0.5317358506545584,0.01662694144867481,0.4281825864421841,0.0234546214545826
2c9180a35b853b13015b8b8c25f75369,0.5326068994324558,0.016848432251164707,0.4270810456684589,0.023463622647920634
2c9180935b853a2d015b8b9b42525153,0.5327777715515507,0.017009795113300627,0.4267365852194052,0.02347584811574303
2c91808e5aba7da4015acd3f993557d4,0.5327777715515507,0.017009795113300627,0.4267365852194052,0.02347584811574303
2c91808e5aba7da4015acd3f655a57be,0.5317359291661826,0.016628152225175493,0.42818119342635547,0.02345472518228655
2c9180ad5b853aa1015b8b82f7725436,0.5317360686125019,0.01662574146452315,0.42818367501192867,0.02345451491104617
2c9180975a056a64015a1e5865077a5e,0.532465353213898,0.016878073145923447,0.42718861920708917,0.02346795443308932
2c9180975a056a64015a1e44cfea77fd,0.5318200612106148,0.016569084019017712,0.4281621558842369,0.02344869888613065
2c9180975a056a64015a1e5ed1d57b22,0.5317358525644295,0.016629216354984752,0.4281801128917194,0.023454818188866005
2c9180975a056a64015a1e5ed1d57b21,0.5326125633480657,0.016938998068004724,0.42697687865082623,0.023471559933103466
2c91809a59f17e5d015a219e78d93061,0.531735922359098,0.016626045720520864,0.42818348886423746,0.02345454305614362
2c91809a59f17e5d015a219e78d93060,0.532706552268039,0.017033527060693453,0.42678110160616484,0.023478819065102866
2c91809a59f17e5d015a21bde7a934f0,0.5328119779404709,0.017044318252823973,0.42666519443054424,0.023478509376160778
2c91809a59f17e5d015a21bde7a934ef,0.5326094451764665,0.016911626692627583,0.4270097535448707,0.023469174586035143
2c91809a59f17e5d015a21bde7a934f4,0.5317353575734732,0.016645322189482153,0.42816310238347605,0.02345621785356851
2c9180975a056a64015a1e6ed9d67c45,0.5317361530079706,0.016625369789520197,0.42818399550188146,0.02345448170062771
2c9180975a056a64015a1e4849057896,0.5326824924483649,0.017613319432557704,0.42617336232783914,0.02353082579123845
2c9180975a056a64015a1e4849057895,0.5317361882354313,0.016625126576180586,0.4281842249690847,0.02345446021930332
2c91809a59f17e5d015a21a830a03132,0.5328153282610169,0.01703581464353553,0.42667114581210425,0.023477711283343472
2c9180975a056a64015a1e6ed9d67c4d,0.5317359378377723,0.016626236401433788,0.42818326639546944,0.023454559365324774
2c91809659f86230015a08b10bc66c48,0.5317357245053455,0.016628212531008248,0.4281813299662938,0.023454732997352616
2c91809659f86230015a0a1559e12a1e,0.5317351560505245,0.01663780555785991,0.4281714683356158,0.02345557005599982
2c91809659f86230015a0811d9775e26,0.5317810546286421,0.016594394905709735,0.4281732260209574,0.023451324444690783
2c91809659f86230015a08cf83396eca,0.5317356672112036,0.01662916675219042,0.42818034977674385,0.02345481625986225
2c91809659f86230015a0886ce2a6829,0.5317355014365324,0.01662953167647583,0.4281801169620432,0.023454849924948534
2c91809659f86230015a08cf83396ec5,0.531735811722695,0.016628020918155094,0.42818145203936314,0.023454715319786906
2c91809659f86230015a0864733f652c,0.5326460384728674,0.01762115302603223,0.42620082933760706,0.023531979163493304
2c91809659f86230015a0841dafc621a,0.5317360212394201,0.01662546831021908,0.42818401859242644,0.023454491857934363
2c91809659f86230015a0864733f652a,0.5326387912516375,0.016944147556581992,0.4269453622655455,0.023471698926235265
2c91808d5aba7da4015acde018f764b2,0.5318041947749178,0.01658547772849165,0.4281600267899276,0.023450300706662933
2c91808d5aba7da4015acde018f764af,0.5326565999901597,0.017008826795732603,0.42685734897223193,0.02347722424187584
2c91808e5aba7da4015acdba35e15e7d,0.5326731171615692,0.017004311146327427,0.4268459480750798,0.023476623617023618
2c91808e5aba7da4015acdea5abc617e,0.5317581890987974,0.016607751432356026,0.4281813318807087,0.0234527275881379
2c9180845aba7d30015acdbd097004e6,0.5317863185710457,0.01659297330898177,0.428169562939084,0.023451145180888516
2c91808d5aba7da4015acdaa928a6136,0.5326169501558123,0.01699933801648804,0.4269068524684686,0.023476859359231224
2c91808e5aba7da4015acd7e578b5afa,0.5325123522892671,0.01688683115161006,0.42713265793589533,0.02346815862322754
2c91808d5aba7da4015acd8d91465f64,0.533061657748565,0.017525862546836104,0.42589420006995665,0.023518279634642356
2c91808d5aba7da4015acd8d91465f61,0.5317734790333184,0.016601392884231837,0.4281731124813931,0.023452015601056662
2c91808e5aba7da4015acd7e578b5afd,0.5317853214485492,0.016588532503276104,0.4281753790933333,0.023450766954841516
2c91808e5aba7da4015acd9760c15c1b,0.5317355295471646,0.016628634231662123,0.4281810642883976,0.023454771932775904
2c91808e5aba7da4015acd9760c15c1a,0.5326169950633589,0.016963360303308122,0.4269459789990332,0.023473665634299895
2c9180845aba7d30015acde7e47f06a4,0.5317808934368691,0.016591732431229436,0.4281762811473033,0.02345109298459823
2c91808e5aba7da4015acde2207160e7,0.5317949744020795,0.016581516050792788,0.42817345734660717,0.02345005220052039
2c91808e5aba7da4015acde486e76119,0.5317846653630428,0.016593136716964413,0.428171021167639,0.02345117675235398
2c91808e5aba7da4015acde2207160e8,0.532967161927827,0.017620789647083964,0.4258839616439978,0.023528086781091015
2c91808e5aba7da4015acddff6ac60c5,0.5318009259719801,0.016580084936399016,0.42816912484089314,0.02344986425072767
2c9180845aba7d30015acde7e47f06aa,0.5330259530156198,0.017517747769665495,0.4259383280810403,0.023517971133674386
2c91808d5aba7da4015acdec7849655c,0.5317994301886139,0.016579393346966113,0.42817135682305085,0.02344981964136899
2c9180975a056a64015a1e4e95a97945,0.5327103704642464,0.01710138171922261,0.4267034252706685,0.02348482254586242
2c9180975a056a64015a1e62a6f57b6d,0.5317360852300094,0.01662504730619795,0.42818441284408537,0.023454454619707212
2c9180975a056a64015a1e62a6f57b6e,0.5328821627904172,0.017694093920257108,0.42588792177744944,0.023535821511876477
2c9180975a056a64015a1e44fa15781d,0.5317360494425256,0.01662578201714411,0.42818364988124613,0.02345451865908406
2c9180975a056a64015a1e3f26a47717,0.5317359183036278,0.01662652393890546,0.42818297327054666,0.023454584486920234
2c9180975a056a64015a1e58d40e7aa8,0.5331663718175331,0.01761963584835739,0.4256884032337764,0.023525589100333016
2c9180975a056a64015a1e44e95b7800,0.5317833985665533,0.01658947447280289,0.4281762575929258,0.023450869367717904
2c9180975a056a64015a1e44e95b7808,0.5317919529232644,0.016584438206971062,0.4281732693891467,0.02345033948061788
2c9180975a056a64015a1e44e95b780f,0.5317653836870988,0.016603208454006573,0.4281791507644193,0.023452257094475147
2c91808e5aba7da4015acd4229d357fe,0.5327157790897509,0.017615061055874254,0.42613857534639327,0.023530584507981896
2c91809e5aba7d25015acdc01e892881,0.5329635994572507,0.01726850970050397,0.42627110895609066,0.023496781886154543
2c91808e5aba7da4015acd3f655a57c2,0.5325559319654726,0.01690922751237431,0.4270652302390432,0.023469610283109794
2c91809e5aba7d25015acd47c6251ed2,0.5325911899203096,0.01695777576248985,0.4269775520387759,0.023473482278424253
2c9180ad5b853aa1015b8b5aeef751bd,0.5317358432986682,0.016632868488868996,0.4281761540468231,0.023455134165639595
2c91809e5aba7d25015acd49fc7b1f01,0.5317568496334842,0.016610305754694004,0.42817987930805107,0.023452965303770796
2c91808e5aba7da4015acd2dfdd056ff,0.5326891715517298,0.01707743278741882,0.42675045541101797,0.023482940249833526
2c9180a35b853b13015b8b57334a5047,0.531873283426604,0.01656753533105056,0.4281112018419759,0.0234479794003696
2c9180935b853a2d015b8b60875a4cef,0.5334647459359474,0.018255028414691288,0.4246990566916664,0.023581168957694996
2c91809e5aba7d25015acdc01e892888,0.531783179494502,0.016583953570023454,0.42818247867509757,0.023450388260377205
2c91808d5aba7da4015acd47ee815caa,0.5328083195003722,0.01693211749095839,0.42679098316315806,0.02346857984551148
2c9180845aba7d30015acdc866670576,0.5320640173150152,0.01657465012975034,0.4279149113493466,0.02344642120588787
2c91808d5aba7da4015acd47ee815ca0,0.5339184239647103,0.01874367899369462,0.42371520680189523,0.023622690239699772
2c9180ad5b853aa1015b8c0df5d85bf3,0.5319190233283825,0.016556809463103485,0.42807763524695885,0.023446531961555477
2c9180ad5b853aa1015b8c0df5d85bf8,0.5317360970053879,0.016624901487851475,0.42818455966629443,0.023454441840465988
2c91808e5aba7da4015acd5409db58f7,0.5317912996104229,0.016593052720007134,0.4281645478791197,0.023451099790450396
2c9180935b853a2d015b8bd0b96954a9,0.5317356591029233,0.016627652676787,0.4281820028342918,0.02345468538599814
2c91808e5aba7da4015acd9f8e0d5c94,0.5327745261288699,0.01701802950698951,0.4267308244139484,0.023476619950192474
2c9180ad5b853aa1015b8b69c6a95289,0.5317363298557053,0.016640450643119753,0.42816743572998434,0.023455783771190668
2c91809e5aba7d25015acd4d0d041f3f,0.5317782244263953,0.016594406496368005,0.42817601436758723,0.023451354709649236
2c9180ad5b853aa1015b8b69c6a95292,0.5327917507330137,0.0170955868343285,0.4266293355249731,0.02348332690768457
2c91809e5aba7d25015acd4d0d041f3c,0.5329559021286037,0.017650036464198694,0.4258631620503052,0.02353089935689236
2c9180845aba7d30015acd5c653c00d9,0.5328238739737526,0.01770142771909284,0.4259375065010629,0.02353719180609158
2c9180ad5b853aa1015b8b9bfc775648,0.5328238739737526,0.01770142771909284,0.4259375065010629,0.02353719180609158
2c9180a35b853b13015b8b725f9851ce,0.53265888878545,0.017077759592330634,0.4267800180941771,0.023483333528042345
2c9180845aba7d30015acd5c653c00be,0.5317358521495917,0.01662618779460234,0.4281834038377828,0.023454556218022872
2c91808e5aba7da4015acd44d6df5829,0.5328538098557062,0.01723351194127388,0.4264177355939198,0.02349494260910017
2c9180935b853a2d015b8b9a210c513c,0.5325630330132178,0.016993911144892876,0.4269660281256475,0.02347702771624165
2c91808e5aba7da4015acd44d6df5823,0.5325630330132178,0.016993911144892876,0.4269660281256475,0.02347702771624165
2c9180935b853a2d015b920353111f7c,0.5329468541551546,0.01767352378007423,0.4258464617132404,0.023533160351530698
2c91808d5aba7da4015acd4aac205ccd,0.5317356009311038,0.016628480861724675,0.42818116043985616,0.023454757767315336
2c9180935b853a2d015b8b65c9ab4d46,0.5317925862200146,0.016586654528270364,0.42817023258483244,0.023450526666882632
2c91808d5aba7da4015acd4d46cd5d15,0.5317355846295447,0.01662934919854059,0.42818023308402603,0.023454833087888725
2c91808e5aba7da4015acd4a1b465873,0.5329397330743688,0.017593437490069013,0.42594091358962355,0.02352591584593858
2c91808d5aba7da4015acd473c315c7a,0.5327200893841583,0.01707684154550477,0.4267205534238879,0.023482515646449015
2c9180935b853a2d015b8b5c6a6f4cbd,0.5317357426376136,0.016627170238926174,0.4281824445234159,0.02345464260004438
2c91808d5aba7da4015acd473c315c7d,0.5317354304190942,0.016632429344784604,0.4281770387623009,0.02345510147382021
2c91808d5aba7da4015acda20ef360a5,0.5317359633908754,0.016625762017278747,0.42818375659798885,0.02345451799385716
2c91808d5aba7da4015acdb8ac7b61d7,0.5318110806278747,0.01658882118702992,0.42814957928491065,0.023450518900184673
2c91808d5aba7da4015acdb8ac7b61d6,0.5317796290487092,0.01659437470474154,0.4281746588135326,0.023451337433016584
2c91808e5aba7da4015acd5a21f15954,0.531735904943602,0.016626305096016623,0.42818322424166433,0.023454565718717065
2c91808e5aba7da4015acd4cd5795897,0.5318160608199713,0.01657312780601428,0.42816171644445566,0.023449094929558663
2c9180a35b853b13015b8b5b03f15063,0.5318160608199713,0.01657312780601428,0.42816171644445566,0.023449094929558663
2c9180845aba7d30015acdc5b2610540,0.5329435162962417,0.017534869906652005,0.42600108737305037,0.02352052642405604
2c91808d5aba7da4015acdb8ac7b61cd,0.5317359423756572,0.01662647261572098,0.4281830052634376,0.023454579745184244
2c9180845aba7d30015acdc5b2610547,0.5317975053116162,0.016587476754788312,0.42816447133048274,0.02345054660311297
2c91808e5aba7da4015acd4cd57958a5,0.5317984873097424,0.016581441144798963,0.428170062938712,0.023450008606746654
2c91808e5b853b1a015b8b770bcf4c3b,0.5317352069080072,0.016631708770307944,0.42817804233758877,0.02345504198409619
2c91808e5aba7da4015acd5a43015971,0.5320449927778832,0.016713911530453585,0.4277824818799375,0.023458613811725596
2c91808e5aba7da4015acd5a43015973,0.5317889515797316,0.016594373151785777,0.42816543524274625,0.02345124002573622
2c91808d5aba7da4015acdd3fa8963b2,0.5318696653523526,0.016568197805707136,0.42811405944892156,0.023448077393018973
2c91809e5aba7d25015acde7c2c62b7f,0.5317355836020605,0.016627811167196416,0.4281819051894275,0.02345470004131546
2c9180ad5b853aa1015b8b88d370551e,0.5329191329932309,0.01754990055107777,0.4260087758720711,0.023522190583620328
2c9180935b853a2d015b8b6f39a04e0e,0.5325756781623538,0.016962051673089656,0.42698822144424364,0.023474048720312782
2c91808e5aba7da4015acd546633590d,0.5317357210451199,0.016629513190048205,0.4281799202256199,0.02345484553921201
2c91808d5aba7da4015acdd3fa8963b7,0.5328879473591299,0.017060804267224967,0.4265721845245378,0.023479063849107373
2c91808e5b853b1a015b8ba12a9c4e66,0.5317357210451199,0.016629513190048205,0.4281799202256199,0.02345484553921201
2c9180935b853a2d015b9251f48f23e3,0.5318027587713345,0.016580154648988397,0.4281672356909335,0.023449850888743264
2c9180ad5b853aa1015b8b730c72535e,0.5317816870368199,0.016596166494012663,0.4281706734901925,0.023451472978974867
2c91808e5aba7da4015acd5a62bc5988,0.5317355957678485,0.01663084267841347,0.42817859942887343,0.023454962124864455
2c9180a35b853b13015b8b58df1a5059,0.5318329517178535,0.01655551978451034,0.4281641523302764,0.023447376167359753
2c9180845aba7d30015acd5c653c00d8,0.5317954925132676,0.016584099278318006,0.42817013559479766,0.02345027261361675
2c9180ad5b853aa1015b8b6d289f52d5,0.5318045819680425,0.016576170919381968,0.4281697636819088,0.02344948343066696
2c9180845aba7d30015acd4d2ca00037,0.5327582136557275,0.017059367700375055,0.426701920051712,0.023480498592185407
2c9180ad5b853aa1015b8b61066151f5,0.5329572707521777,0.0175478531109601,0.4259733321651408,0.023521543971721483
2c9180a35b853b13015b8bdae78b5875,0.5317359159353425,0.016626282196593484,0.4281832382675257,0.023454563600538453
2c91808d5aba7da4015acdae944f616e,0.5317359159353425,0.016626282196593484,0.4281832382675257,0.023454563600538453
2c91809e5aba7d25015acdb99fff27ce,0.5331082811003754,0.017559084303161086,0.4258118857417035,0.023520748854760003
2c91809e5aba7d25015acd722bec2179,0.5329694072002612,0.017614955220613786,0.42588811149775985,0.023527526081365234
2c9180935b853a2d015b8b9a210c514a,0.5317617682821325,0.016610299851302638,0.42817501601938973,0.023452915847175012
2c91808e5b853b1a015b8b9c5cfb4e2f,0.531735906224704,0.016626549602476576,0.4281829573144231,0.023454586858396485
2c91808e5b853b1a015b8b9c5cfb4e29,0.5329375311240115,0.01759915707899124,0.4259368468564355,0.023526464940561768
2c91808e5aba7da4015acd68cea25a0e,0.5327233179292666,0.017068683021625366,0.4267262498385169,0.023481749210590968
2c91809659f86230015a08ad579a6bd9,0.5317360032667044,0.016630492041261147,0.42817857811299664,0.02345492657903781
2c91809659f86230015a085af3516476,0.5317359366401723,0.016625815542581256,0.4281837248618072,0.02345452295543957
2c91809659f86230015a08d006806f3c,0.5327871986024082,0.017066378626946894,0.4266656480328196,0.02348077473782565
2c91809659f86230015a0853b4356382,0.5317357794966343,0.01662848720271403,0.4281809772423472,0.023454756058304507
2c91809659f86230015a09b5d5e012b1,0.5331660970752685,0.018121081101603383,0.4251407764031802,0.023572045419947823
2c91809659f86230015a09b5d5e012ac,0.5328514817361485,0.01711079529027604,0.42655375508075416,0.023483967892821304
2c91809659f86230015a08913d696916,0.5317624079266238,0.016603095402844017,0.4281822198262774,0.023452276844254737
2c91809659f86230015a091d86587829,0.5317357594972744,0.016628135880672777,0.42818137869725276,0.02345472592479994
2c91808e5aba7da4015acdea7a2b61a5,0.5330177737765357,0.017589415672746567,0.42586820108162693,0.02352460946909077
2c91809e5aba7d25015acd7eaf23224a,0.5317364802496314,0.016642664375895042,0.42816488200951963,0.023455973364953947
2c91808d5aba7da4015acd9bc1406042,0.5328690224016766,0.01758451717454431,0.4260205081543938,0.023525952269385142
2c9180935b853a2d015b8b5ac4b74c9c,0.5326896006109182,0.017192894497091993,0.42662424578748387,0.023493259104506226
2c91809e5aba7d25015acd75ac2f21b6,0.5329788559040993,0.017690584732058066,0.42579621704386084,0.023534342319981714
2c91808d5aba7da4015acd99124c6005,0.5317359763893614,0.016634128002541725,0.4281746542182126,0.02345524138988413
2c91808e5aba7da4015acddda7fe607c,0.5329644914413291,0.017578215761421226,0.42593306523977215,0.023524227557477767
2c91809e5aba7d25015acda9589c265e,0.5318778706790434,0.016564810086656154,0.4281096283867142,0.02344769084758621
2c91808e5aba7da4015acdaf08755d6d,0.5317356547479898,0.016629661636010797,0.4281798243936011,0.02345485922239834
2c91808e5aba7da4015acdaf08755d6c,0.5327173192806995,0.017044905087342632,0.4267580731998822,0.023479702432075637
2c91808e5aba7da4015acdaf08755d6a,0.5325532412460505,0.0169160224570757,0.4270604924768362,0.023470243820037675
2c91809e5aba7d25015acd81b03022af,0.5317693324894527,0.016599746208326216,0.42817900776897166,0.023451913533249606
2c91808d5aba7da4015acdcabe7a6325,0.5317779786210108,0.01659491705806545,0.42817570235818314,0.023451401962740624
2c91808d5aba7da4015acdcabe7a632a,0.5327417585556765,0.017100984217902224,0.42667284733122046,0.023484409895201133
2c91809e5aba7d25015acdc38c432900,0.532640264988949,0.017013205401001305,0.42686871915485036,0.023477810455199352
2c91809e5aba7d25015acdc38c4328fb,0.5317575624963823,0.016610668039764714,0.4281787793379061,0.023452990125946774
2c91809e5aba7d25015acdc38c4328f4,0.531773359180617,0.016596399812415792,0.42817866178136044,0.023451579225606898
2c9180845aba7d30015acdb5b8cc0441,0.5329828321332081,0.017580052899526903,0.42591294043369615,0.023524174533568604
2c91809e5aba7d25015acdc892a9292e,0.531736107670429,0.016624882255953044,0.42818457002639326,0.023454440047224696
2c91808d5aba7da4015acdc2b30e6266,0.5317939330083924,0.01658376341957711,0.42817204390127117,0.023450259670759428
2c9180845aba7d30015acdd72cb405ec,0.5317909953420367,0.016583019483141066,0.4281757597609859,0.023450225413836283
2c9180845aba7d30015acdae1b9903d2,0.5329923342603137,0.017605267075449356,0.4258760341598635,0.023526364504373492
2c9180935b853a2d015b8b7d5aa84ec6,0.5317357600487681,0.01662637054353604,0.4281832962415327,0.02345457316616301
2c91808d5aba7da4015acdc65a906300,0.5329878134243811,0.01761702178794424,0.42586767080832316,0.02352749397935179
2c91808d5aba7da4015acdc65a9062ff,0.5317702239436637,0.016600317640733,0.4281775038070728,0.023451954608530695
2c9180935b853a2d015b8b7d5aa84ec9,0.5328821448351803,0.017597996249331796,0.42599283379524255,0.023527025120245387
2c9180935b853a2d015b8b7d5aa84ec8,0.5317357594972744,0.016628135880672777,0.42818137869725276,0.02345472592479994
2c91808d5aba7da4015acdcabe7a6330,0.5326097803084473,0.016981579126409612,0.42693327148214094,0.02347536908300223
2c91808d5aba7da4015acddb8bfb646b,0.5317971775009611,0.016580456588059775,0.4281724295409563,0.02344993637002277
2c91808d5aba7da4015acdcabe7a6335,0.5317582631901171,0.016609333089407263,0.4281795378371567,0.02345286588331885
2c91808d5aba7da4015acddb8bfb6461,0.532646011596363,0.016925862087034622,0.42695813454489207,0.023469991771710136
2c91809e5aba7d25015acdd6c89f2a6b,0.532684403143987,0.01708946140785532,0.4267420648599361,0.02348407058822157
2c9180975a056a64015a1e296a08742a,0.5328540732206263,0.017623266118576605,0.42599298876697306,0.023529671893823947
2c91809a59f17e5d015a21a48da730b9,0.533094902696276,0.01780578163211957,0.4255557529551337,0.023543562716470675
2c91809a59f17e5d015a21a48da730bb,0.5317818395090963,0.01659275413945128,0.42817423369906066,0.023451172652391567
2c9180975a056a64015a1e556ce479e9,0.532531544034327,0.016937186377902848,0.4270588905251443,0.023472379062625778
2c9180975a056a64015a1e52ab4679be,0.531735849579601,0.016626419611571717,0.4281831544934997,0.02345457631532782
2c91809a59f17e5d015a21a7937830fe,0.5325892495720934,0.016893186071325023,0.42704977578439224,0.0234677885721893
2c9180975a056a64015a1e58ec867ab9,0.5327858447469629,0.01715157829351707,0.4265741720796203,0.023488404879900025
2c9180975a056a64015a1e58ec867abc,0.5317360511266553,0.01662830056326529,0.4281809118600076,0.023454736450071755
2c91809a59f17e5d015a21bed0cb3545,0.5317589590738706,0.016607998652986528,0.4281803005327007,0.023452741740442266
2c9180975a056a64015a22a3fb7e1824,0.5317572642420495,0.016607875902859667,0.42818211226972563,0.023452747585365297
2c9180975a056a64015a22a3fb7f1827,0.53291539266914,0.01765661759678502,0.42589600171604364,0.023531988018031563
2c91809659f86230015a08f6a520737e,0.5317819699754908,0.0165924807388945,0.4281744019222162,0.023451147363398775
2c91809659f86230015a08f6a5207380,0.5328326973616017,0.017631536132127337,0.4260050816414217,0.023530684864849296
2c91809659f86230015a08913d696913,0.5317359619193339,0.016625964560463134,0.42818353797727454,0.023454535542928066
2c91809659f86230015a08913d696914,0.5325684239040045,0.016911588993078035,0.42705031917961034,0.023469667923306996
2c91808e5aba7da4015acdd3b8075fac,0.5326447746692523,0.016965261069882,0.4269164657234071,0.023473498537458445
2c9180935b853a2d015b8bc9ea265438,0.53173584540094,0.016626677940131254,0.42818287793706694,0.023454598721861855
2c9180935b853a2d015b8bc9ea265436,0.5317362322528592,0.016633524589109865,0.42817505726158067,0.023455185896450136
2c91808e5aba7da4015acd84a62d5b30,0.5317362322528592,0.016633524589109865,0.42817505726158067,0.023455185896450136
2c91809e5aba7d25015acda942fe264b,0.5328844671130448,0.017639865325257773,0.42594484233308766,0.02353082522860967
2c9180935b853a2d015b8bc253ad53f3,0.5317356938420004,0.016631830000037175,0.42817742989259694,0.02345504626536549
2c91809e5aba7d25015acd9fd7e12580,0.5317356938420004,0.016631830000037175,0.42817742989259694,0.02345504626536549
2c91808e5aba7da4015acd68cea25a0c,0.5328713285110863,0.017673909539534648,0.4259206613945529,0.023534100554826076
2c91808e5b853b1a015b8b9c5cfb4e31,0.5328713285110863,0.017673909539534648,0.4259206613945529,0.023534100554826076
2c9180845aba7d30015acdb98289047e,0.5317361444468309,0.016624814967983275,0.4281846068066795,0.023454433778506263
2c9180ad5b853aa1015b8bb71bbc57ed,0.5317361444468309,0.016624814967983275,0.4281846068066795,0.023454433778506263
2c9180ad5b853aa1015b8bb71bbc57ef,0.5317352593156841,0.016631593260212192,0.4281781160964199,0.023455031327683593
2c9180845aba7d30015acdb98289047f,0.5317352593156841,0.016631593260212192,0.4281781160964199,0.023455031327683593
2c91808e5aba7da4015acdd3964e5faa,0.5317361752871476,0.016624757321889012,0.4281846389762051,0.02345442841475818
2c91808e5ba960a0015bab2cbc9615a1,0.5317353708651835,0.016639301683541607,0.4281696307144317,0.023455696736842887
2c91809e5aba7d25015acda24fb625a1,0.5317353708651835,0.016639301683541607,0.4281696307144317,0.023455696736842887
2c91809e5aba7d25015acdd6812d2a60,0.5317361538700244,0.016628524034606063,0.42818056764089457,0.023454754454474806
2c91808e5aba7da4015acddfd49560bb,0.5332152128218702,0.017655567005993984,0.4256009216801942,0.023528298491941525
2c91808d5aba7da4015acde809146502,0.5327910244601745,0.017138485712706944,0.42658331901928254,0.023487170807836064
2c91808e5aba7da4015acdad718f5d4d,0.5327455422337045,0.017051772467772456,0.42672271105000475,0.023479974248518033
2c9180a55ba961a6015bab327ca31455,0.5327455422337045,0.017051772467772456,0.42672271105000475,0.023479974248518033
2c91808d5aba7da4015acde809146505,0.5317358224058808,0.016627304131224346,0.42818222027845765,0.023454653184437103
2c91808e5b853b1a015b8b60d8374a04,0.532509312237339,0.01686219119780506,0.4271624760272534,0.023466020537602654
2c91808e5aba7da4015acdbd98a75ea6,0.5317358238315596,0.016626998637747012,0.42818255079232886,0.02345462673836462
2c91808e5aba7da4015acdbd98a75ea3,0.5317357068535886,0.016631174610555827,0.42817812912151687,0.02345498941433858
2c9180ad5b853aa1015b8be26d245a4f,0.5317357068535886,0.016631174610555827,0.42817812912151687,0.02345498941433858
2c91809e5aba7d25015acd8b68112390,0.5317358819810271,0.016626600933579,0.42818292548282794,0.023454591602565862
2c9180ad5b853aa1015b8b8fdfc95597,0.5317358506545584,0.01662694144867481,0.4281825864421841,0.0234546214545826
2c9180845aba7d30015acd9f1bc4032c,0.5317362428515877,0.016624443946279016,0.4281849127530983,0.02345440044903507
2c9180a35b853b13015b8bde0f0058ad,0.5318177515721819,0.01656937598025097,0.42816412321718444,0.023448749230382634
2c9180a35b853b13015b8bde0f0058a0,0.5329900749791896,0.017611141907996754,0.4258718541774979,0.023526928935315536
2c9180845aba7d30015acd9f1bc3031f,0.5329900749791896,0.017611141907996754,0.4258718541774979,0.023526928935315536
2c9180a35b853b13015b8bde0f00589c,0.5317850547593175,0.016589097527358338,0.428175028532951,0.023450819180373034
2c91809e5aba7d25015acd9fba2f256a,0.5317361272680946,0.016624967298341408,0.4281844582506525,0.023454447182911092
2c91809e5aba7d25015acda942fe2641,0.532649171419811,0.01695413627521855,0.4269242335122581,0.023472458792712633
2c91808e5aba7da4015acdd6a31a5ffd,0.5317357869839191,0.01662936476303832,0.4281800163916747,0.02345483186136795
2c91808d5aba7da4015acdaab72c613b,0.5328575044897071,0.017224171533993464,0.42642426512725706,0.023494058849042074
2c91809e5aba7d25015acdb99fff27d4,0.5317356364130377,0.016628404187148234,0.4281812087121752,0.02345475068763882
2c9180ad5b853aa1015b8be0a8835a19,0.5320736730910768,0.01674999266761182,0.4277149081210875,0.023461426120223755
2c9180ad5b853aa1015b8be0a8835a1b,0.5317356364130377,0.016628404187148234,0.4281812087121752,0.02345475068763882
2c91809e5aba7d25015acdbd77cd2837,0.5317358698162754,0.016626626601110216,0.42818290960735533,0.023454593975258967
2c9180935b853a2d015b8bdbb7ab554d,0.5317818395090963,0.01659275413945128,0.42817423369906066,0.023451172652391567
2c91808d5aba7da4015acd9badff601e,0.5317818395090963,0.01659275413945128,0.42817423369906066,0.023451172652391567
2c91808d5aba7da4015acd9badff6027,0.5317359698631505,0.01662668416788087,0.4281827482700966,0.0234545976988718
2c91809e5aba7d25015acda5dd0e25fc,0.5317360963628016,0.01662516363428427,0.42818427544186183,0.02345446456105236
2c91808d5aba7da4015acdbd583c6211,0.5325700326528162,0.016941760537568584,0.4270158879062612,0.02347231890335421
2c91809e5aba7d25015acdcf32e229ce,0.5317357976847499,0.01662768937097505,0.42818182612425093,0.023454686820024002
2c91809e5aba7d25015acda24fb625a5,0.5325100439483427,0.016925242189577767,0.42709313200100685,0.02347158186107266
2c91808e5aba7da4015acda316005ccb,0.532839933815565,0.01718256174331005,0.42648697119194956,0.023490533249175393
2c9180a35b853b13015b8b693dc750fd,0.5317358244345771,0.016630323282213012,0.42817893800315865,0.023454914280051375
2c9180a35b853b13015b8b5e45a9509a,0.5317357991993364,0.016630380983317417,0.42817890022382327,0.023454919593522968
2c9180a35b853b13015b8b693dc750fa,0.5325825113394341,0.017014818354735582,0.42692402035464583,0.023478649951184594
2c9180845aba7d30015acd98bc0902d3,0.5327173192806995,0.017044905087342632,0.4267580731998822,0.023479702432075637
2c91808e5aba7da4015acdd6162f5fd9,0.5328326973616017,0.017631536132127337,0.4260050816414217,0.023530684864849296
2c9180a35b853b13015b8b63c4a450c9,0.5317351632462385,0.016633028910493335,0.42817665110263414,0.02345515674063409
2c91808e5aba7da4015acdd6162f5fd4,0.5317698961590769,0.016600980637279106,0.42817710712828083,0.023452016075363166
2c91809e5aba7d25015acdd1504a2a00,0.5326327634814998,0.016923471104644452,0.4269738249428368,0.02346994047101884
2c91809e5aba7d25015acd98fc6924d5,0.5318027587713345,0.016580154648988397,0.4281672356909335,0.023449850888743264
2c91808e5ba96106015bab2f8b6513fd,0.5317358718062608,0.01662637380166239,0.4281831823165368,0.02345457207553998
2c91808d5aba7da4015acd910b405f80,0.532981015230633,0.017634691762293146,0.4258551002105471,0.023529192796526686
2c91808d5aba7da4015acde809146509,0.5317970124927287,0.0165885336875077,0.42816380959603745,0.023450644223726155
2c91808e5aba7da4015acdad718f5d4a,0.5317732359205641,0.0166046294701834,0.4281698329038414,0.02345230170541086
2c91808d5aba7da4015acde80914650a,0.5326980578994065,0.017331610961479893,0.4264646979124562,0.02350563322665741
2c9180a55ba961a6015bab327ca31452,0.5317732359205641,0.0166046294701834,0.4281698329038414,0.02345230170541086
2c91808d5aba7da4015acde80914650f,0.5326501553852598,0.017062275583008532,0.4268055105941136,0.02348205843761823
2c9180a55ba961a6015bab327ca3144a,0.5326440953751603,0.017626153420073537,0.42619729217518365,0.02353245902958251
2c91809e5aba7d25015acd8793a8231f,0.5318353359551531,0.016555552000121355,0.42816175894780445,0.02344735309692129
2c91809e5ba96014015bab30da41167f,0.5317360963628016,0.01662516363428427,0.42818427544186183,0.02345446456105236
2c91808e5aba7da4015acda316015ccf,0.5317361567824843,0.016637457750654314,0.4281708583814706,0.023455527085390893
2c91809e5ba96014015bab358c131729,0.5318112017934873,0.016570126526060786,0.4281697867357036,0.02344888494474859
2c91808e5aba7da4015acd97fac15c26,0.5317356083186692,0.016628864193883174,0.4281807366526028,0.023454790834845012
2c91808e5ba96106015bab6991a51c67,0.532739715010502,0.016872940512665937,0.42692317096832794,0.02346417350850425
2c91809e5aba7d25015acd8793a82321,0.5325741669669555,0.01700069003826371,0.42694764761531007,0.02347749537947065
2c9180a55ba961a6015bab3c70561657,0.5326433574035752,0.017890322499558922,0.4259095898974943,0.023556730199371767
2c91809e5aba7d25015acdb6308c27a8,0.5317621678730279,0.01660746396040415,0.4281777052876082,0.02345266287895978
2c91808e5b853b1a015b8bf3079752d9,0.5317621678730279,0.01660746396040415,0.4281777052876082,0.02345266287895978
2c91808e5aba7da4015acda32f655cd5,0.5317357769407365,0.016628097558102666,0.4281814031118741,0.023454722389286912
2c9180ad5b853aa1015b8bc7076158f2,0.5317360203937878,0.016625311128946853,0.42818419022169346,0.023454478255571908
2c91808e5aba7da4015acda32f655cdd,0.5317360203937878,0.016625311128946853,0.42818419022169346,0.023454478255571908
2c9180845aba7d30015acdbc74bd04a8,0.53173578164902,0.01662772429224857,0.4281818040156298,0.02345469004310139
2c91808e5b853b1a015b8bd7f40551be,0.5318121677000631,0.016572455948047262,0.42816629831719233,0.023449078034697247
2c9180a35b853b13015b922b89b32285,0.5317796290487092,0.01659437470474154,0.4281746588135326,0.023451337433016584
2c91808e5ba960a0015bab26ba0b1474,0.5318165685731274,0.016567280149189647,0.42816757229290797,0.023448578984774895
2c91809e5aba7d25015acd9b56c324e8,0.5318165685731274,0.016567280149189647,0.42816757229290797,0.023448578984774895
2c9180935b853a2d015b8b8324be4f28,0.5327935206898575,0.017173563457999502,0.426542633466636,0.02349028238550726
2c9180935b853a2d015b8b8324be4f34,0.5327457628747199,0.017011873461617248,0.42676594430186426,0.023476419361798378
2c9180845aba7d30015acdbc74bd04bf,0.53173584540094,0.016626677940131254,0.42818287793706694,0.023454598721861855
2c9180a35b853b13015b8b74460751fa,0.5317371190086141,0.016641126678045588,0.42816592227919364,0.023455832034146824
2c9180ad5b853aa1015b8be26d245a45,0.5320129022409112,0.016539400886085718,0.428003751104004,0.023443945768998848
2c91808e5aba7da4015acdbd98a75ebb,0.5317355880925289,0.01662981010093345,0.42817972889561007,0.023454872910927658
2c9180845aba7d30015acd9f725b033d,0.533563386651294,0.021375347081673813,0.421167409853098,0.023893856413933993
2c9180845aba7d30015acd9f725b033b,0.5325837812058837,0.016907024361645245,0.4270401161507887,0.023469078281682522
2c9180ad5b853aa1015b8b88d3705511,0.5330132295781614,0.017601240775783927,0.42585978451158596,0.023525745134468718
2c91809e5aba7d25015acde7c2c62b6a,0.5317909281446089,0.016590190604664212,0.42816802787505454,0.023450853375672712
2c9180935b853a2d015b8bc253ad53ec,0.5317354930190343,0.01663107358349706,0.4281784499912177,0.023454983406250553
2c91809659f86230015a088b500a6899,0.5317356356276159,0.01663196316866744,0.42817734267484825,0.02345505852886844
2c91809659f86230015a088b500a689a,0.5324575650546342,0.01686667538018848,0.4272087164936591,0.02346704307151824
2c91809659f86230015a0811ee915e2b,0.5325756781623538,0.016962051673089656,0.42698822144424364,0.023474048720312782
2c91809659f86230015a078e631251f9,0.5317610732358363,0.01660761419676407,0.4281786255663127,0.02345268700108678
2c91809659f86230015a081c0b635f25,0.531819638440283,0.016560397183880506,0.42817201909872377,0.02344794527711268
2c91809659f86230015a081c0b635f29,0.5327231232019367,0.017685187782966794,0.42605477952631454,0.02353690948878215
2c91809659f86230015a082d16286098,0.531735778250337,0.016627399170924772,0.4281821606175297,0.023454661961208528
2c91809659f86230015a0ab979ec56ad,0.5326081379630144,0.017021555195541195,0.4268913668292622,0.023478940012182255
2c91809659f86230015a0ab979ec56ab,0.5330660813970942,0.01772136203329242,0.42567642939264233,0.023536127176971018
2c91809659f86230015a0ab979ec56ac,0.5317360274033954,0.01662529771583822,0.4281841978715871,0.02345447700917917
2c91809659f86230015a0ab979ec56a8,0.5317625809208986,0.016608722836544725,0.4281759269937245,0.023452769248832044
2c91809659f86230015a08ad81b86bdb,0.5317584376120127,0.016608999432119964,0.428179728117619,0.02345283483824816
2c91809659f86230015a08c530a06dc4,0.5327197860606433,0.017604720803049537,0.4261459007336113,0.02352959240269583
2c91809659f86230015a08d394e06fcf,0.532531544034327,0.016937186377902848,0.4270588905251443,0.023472379062625778
2c91809659f86230015a087d627e677b,0.5325979327017584,0.016905824449385383,0.42702744207321763,0.023468800775638732
2c91809659f86230015a09ee8ffb20df,0.5317361287905024,0.016624843801175414,0.4281845909446743,0.023454436463647498
2c91809659f86230015a086530fb6551,0.5326880103097469,0.016929299755816595,0.4269129022488576,0.02346978768557874
